[gd_scene load_steps=8 format=2]

[ext_resource path="res://Scenes/Chair.tscn" type="PackedScene" id=1]
[ext_resource path="res://Scenes/Player.tscn" type="PackedScene" id=2]
[ext_resource path="res://Scripts/Camera.gd" type="Script" id=3]

[sub_resource type="SpatialMaterial" id=1]
albedo_color = Color( 0.627451, 0.627451, 0.627451, 1 )
metallic = 0.51
roughness = 0.0

[sub_resource type="PlaneMesh" id=2]
material = SubResource( 1 )
size = Vector2( 100, 100 )

[sub_resource type="BoxShape" id=3]
extents = Vector3( 50, 1, 50 )

[sub_resource type="Environment" id=4]
background_mode = 1
background_color = Color( 1, 1, 1, 1 )
background_energy = 1.71
ambient_light_color = Color( 1, 1, 1, 1 )

[node name="Main" type="Spatial"]
transform = Transform( 1, 0, 0, 0, 1, 0, 0, 0, 1, 0.00651026, 1.19209e-07, -0.00709176 )

[node name="Chair" parent="." instance=ExtResource( 1 )]

[node name="Chair2" parent="." instance=ExtResource( 1 )]
transform = Transform( 1, 0, 0, 0, 1, 0, 0, 0, 1, 0, 0, -8.56507 )

[node name="Chair4" parent="." instance=ExtResource( 1 )]
transform = Transform( -1, 0, -8.74228e-08, 0, 1, 0, 8.74228e-08, 0, -1, 10.8795, 0, -1.31328 )

[node name="Chair5" parent="." instance=ExtResource( 1 )]
transform = Transform( -1, 0, -8.74228e-08, 0, 1, 0, 8.74228e-08, 0, -1, 10.8795, 0, 7.25179 )

[node name="Chair6" parent="." instance=ExtResource( 1 )]
transform = Transform( -1, 0, -8.74228e-08, 0, 1, 0, 8.74228e-08, 0, -1, 10.8795, 0, -8.56507 )

[node name="Chair7" parent="." instance=ExtResource( 1 )]
transform = Transform( 0.923793, 0.382893, 0, -0.351859, 0.848919, 0.394375, 0.151003, -0.364321, 0.91895, 0.414549, 20.9094, -0.874643 )

[node name="Chair8" parent="." instance=ExtResource( 1 )]
transform = Transform( 0.923793, 0.382893, 0, -0.351859, 0.848919, 0.394375, 0.151003, -0.364321, 0.91895, 0.414549, 17.5316, -8.74551 )

[node name="Chair9" parent="." instance=ExtResource( 1 )]
transform = Transform( 0.923793, 0.382893, 0, -0.351859, 0.848919, 0.394375, 0.151003, -0.364321, 0.91895, 0.414549, 23.7694, 5.78939 )

[node name="Chair10" parent="." instance=ExtResource( 1 )]
transform = Transform( -0.923793, 0.382893, -8.07605e-08, 0.351859, 0.848919, -0.394375, -0.151003, -0.364321, -0.91895, 10.465, 16.5635, -0.438638 )

[node name="Chair11" parent="." instance=ExtResource( 1 )]
transform = Transform( -0.923793, 0.382893, -8.07605e-08, 0.351859, 0.848919, -0.394375, -0.151003, -0.364321, -0.91895, 10.465, 19.9413, 7.43223 )

[node name="Chair12" parent="." instance=ExtResource( 1 )]
transform = Transform( -0.923793, 0.382893, -8.07605e-08, 0.351859, 0.848919, -0.394375, -0.151003, -0.364321, -0.91895, 10.465, 13.7035, -7.10267 )

[node name="Chair13" parent="." instance=ExtResource( 1 )]
transform = Transform( 0.575242, -0.136268, 0.806553, -0.520143, -0.821936, 0.232105, 0.631307, -0.553039, -0.54369, 2.84019, 38.2431, -4.4478 )

[node name="Chair14" parent="." instance=ExtResource( 1 )]
transform = Transform( 0.575242, -0.136268, 0.806553, -0.520143, -0.821936, 0.232105, 0.631307, -0.553039, -0.54369, -4.06799, 36.2551, 0.208952 )

[node name="Chair15" parent="." instance=ExtResource( 1 )]
transform = Transform( 0.575242, -0.136268, 0.806553, -0.520143, -0.821936, 0.232105, 0.631307, -0.553039, -0.54369, 8.68915, 39.9262, -8.39053 )

[node name="Chair16" parent="." instance=ExtResource( 1 )]
transform = Transform( -0.575242, -0.136268, -0.806553, 0.520143, -0.821936, -0.232105, -0.631307, -0.553039, 0.54369, 8.03931, 32.2793, 3.13452 )

[node name="Chair17" parent="." instance=ExtResource( 1 )]
transform = Transform( -0.575242, -0.136268, -0.806553, 0.520143, -0.821936, -0.232105, -0.631307, -0.553039, 0.54369, 14.9475, 34.2673, -1.52222 )

[node name="Chair18" parent="." instance=ExtResource( 1 )]
transform = Transform( -0.575242, -0.136268, -0.806553, 0.520143, -0.821936, -0.232105, -0.631307, -0.553039, 0.54369, 2.19035, 30.5962, 7.07725 )

[node name="Chair19" parent="." instance=ExtResource( 1 )]
transform = Transform( 0.0351475, 0.25093, 0.967367, -0.520143, -0.821936, 0.232105, 0.853356, -0.511327, 0.101631, 5.88377, 49.5883, -5.23195 )

[node name="Chair20" parent="." instance=ExtResource( 1 )]
transform = Transform( 0.0351475, 0.25093, 0.967367, -0.520143, -0.821936, 0.232105, 0.853356, -0.511327, 0.101631, -2.4018, 47.6003, -6.10242 )

[node name="Chair21" parent="." instance=ExtResource( 1 )]
transform = Transform( 0.0351475, 0.25093, 0.967367, -0.520143, -0.821936, 0.232105, 0.853356, -0.511327, 0.101631, 12.8989, 51.2714, -4.49494 )

[node name="Chair22" parent="." instance=ExtResource( 1 )]
transform = Transform( -0.0351474, 0.25093, -0.967367, 0.520143, -0.821936, -0.232105, -0.853356, -0.511327, -0.101631, 4.99573, 43.6245, 3.91867 )

[node name="Chair23" parent="." instance=ExtResource( 1 )]
transform = Transform( -0.0351474, 0.25093, -0.967367, 0.520143, -0.821936, -0.232105, -0.853356, -0.511327, -0.101631, 13.2813, 45.6125, 4.78914 )

[node name="Chair24" parent="." instance=ExtResource( 1 )]
transform = Transform( -0.0351474, 0.25093, -0.967367, 0.520143, -0.821936, -0.232105, -0.853356, -0.511327, -0.101631, -2.01941, 41.9414, 3.18166 )

[node name="Chair3" parent="." instance=ExtResource( 1 )]
transform = Transform( 1, 0, 0, 0, 1, 0, 0, 0, 1, 0, 0, 7.25179 )

[node name="Camera" type="Camera" parent="."]
transform = Transform( 1, 0, 0, 0, 0.968899, 0.247456, 0, -0.247456, 0.968899, 5.47, 6.441, 21.145 )
keep_aspect = 0
cull_mask = 1048573
script = ExtResource( 3 )

[node name="RayCast" type="RayCast" parent="Camera"]
enabled = true
cast_to = Vector3( 0, 0, -1 )

[node name="Floor" type="StaticBody" parent="."]
transform = Transform( 1, 0, 0, 0, 1, 0, 0, 0, 1, 0, -4.83027, 2.37953e-07 )

[node name="MeshInstance" type="MeshInstance" parent="Floor"]
mesh = SubResource( 2 )
material/0 = null

[node name="CollisionShape" type="CollisionShape" parent="Floor"]
shape = SubResource( 3 )

[node name="Player" parent="." instance=ExtResource( 2 )]
transform = Transform( 1, 0, 0, 0, 0.0582436, 0.998302, 0, -0.998302, 0.0582436, 6.69232, 35.2836, 0.00709176 )
mass = 100.0

[node name="Sprite" type="Sprite" parent="."]
position = Vector2( 125.14, 54.7285 )

[node name="ViewportContainer" type="ViewportContainer" parent="."]
anchor_right = 0.292969
anchor_bottom = 0.5
stretch = true
__meta__ = {
"_edit_use_anchors_": true
}

[node name="Viewport" type="Viewport" parent="ViewportContainer"]
size = Vector2( 300, 300 )
handle_input_locally = false
render_target_update_mode = 3

[node name="RemoteTransform" type="RemoteTransform" parent="ViewportContainer/Viewport"]
transform = Transform( 1, 0, 0, 0, 0.0582436, 0.998302, 0, -0.998302, 0.0582436, 6.69883, 35.2836, 0 )
remote_path = NodePath("../../../Player")

[node name="Camera" type="Camera" parent="ViewportContainer/Viewport/RemoteTransform"]
cull_mask = 2148006914
environment = SubResource( 4 )
projection = 1
current = true
size = 41.5254
far = 1398.5

[node name="DirectionalLight" type="DirectionalLight" parent="."]
transform = Transform( 0.925752, -0.197883, 0.32222, -0.255345, 0.301356, 0.918686, -0.278895, -0.932753, 0.228452, 31.3062, 12.8583, 2.37953e-07 )
shadow_enabled = true
